{
  "OLMoE": {
    "moe_name": "OLMoE",
    "dense_name": "Dense-OLMoE",
    "moe_p50_ms": 20.95055000972934,
    "dense_p50_ms": 18.718949999311008,
    "moe_throughput_tps": 6109.624804148692,
    "dense_throughput_tps": 6837.990378985537,
    "speedup_moe_vs_dense": 0.8934825095578881,
    "routing_overhead_ms": 2.231600010418333,
    "moe_params": 41168384,
    "dense_params": 36440576
  },
  "Mixtral": {
    "moe_name": "Mixtral",
    "dense_name": "Dense-Mixtral",
    "moe_p50_ms": 25.714749994222075,
    "dense_p50_ms": 21.779149989015423,
    "moe_throughput_tps": 4977.687903975761,
    "dense_throughput_tps": 5877.1807010171815,
    "speedup_moe_vs_dense": 0.846951652024968,
    "routing_overhead_ms": 3.935600005206652,
    "moe_params": 60041728,
    "dense_params": 41159168
  }
}